4 0.392969 0.241667 0.051562 0.079167
4 0.589844 0.600000 0.054688 0.070833
0 0.908594 0.581250 0.032813 0.037500
1 0.892969 0.597917 0.014063 0.025000
1 0.888281 0.632292 0.010937 0.022917
3 0.915625 0.626042 0.028125 0.039583
3 0.896875 0.653125 0.028125 0.035417
3 0.910937 0.676042 0.028125 0.039583
0 0.929688 0.694792 0.037500 0.043750
0 0.951562 0.727083 0.021875 0.054167
3 0.928125 0.727083 0.031250 0.045833
2 0.947656 0.747917 0.035937 0.045833
0 0.942969 0.803125 0.029687 0.077083
0 0.907031 0.856250 0.045312 0.116667
3 0.938281 0.854167 0.029687 0.041667
2 0.960938 0.864583 0.031250 0.045833
0 0.940625 0.888542 0.040625 0.064583
