2 0.137500 0.645833 0.100000 0.129167
2 0.234375 0.771875 0.112500 0.122917
2 0.439844 0.535417 0.067187 0.120833
0 0.689063 0.032292 0.059375 0.035417
0 0.808594 0.041667 0.064062 0.041667
0 0.871875 0.143750 0.096875 0.045833
0 0.910156 0.104167 0.051562 0.033333
0 0.771094 0.071875 0.035937 0.047917
0 0.779687 0.111458 0.034375 0.056250
4 0.777344 0.051042 0.026562 0.031250
4 0.739844 0.060417 0.026562 0.029167
3 0.698438 0.043750 0.025000 0.025000
3 0.739844 0.036458 0.032813 0.022917
3 0.716406 0.056250 0.026562 0.029167
3 0.714844 0.083333 0.029687 0.025000
